-----False Positives Indices-----
94552
105351
108031
108330
108581
108880
109147
109643
110007
110303
110546
110795
111051
111693
111965
112275
112557
112847
113198
113466
113783
114059
114628
114931
115199
115560
115852
116119
116436
116718
117011
117291
117662
117908
118211
118454
118816
119127
119379
119738
120206
120574
120917
121498
121824
122111
122364
122708
122972
123318
123569
123812
124196
124444
124797
125088
125355
125880
126133
126482
126727
127324
127592
127878
128147
128495
129090
129336
129649
130137
130465
131020
131356
131611
131903
132155
132451
132701
133252
133559
134044
134380
134645
134899
135183
135456
135741
136251
136519
136774
137032
137298
137579
137824
138110
138374
138633
138916
139175
139696
139939
140446
140770
141523
142045
142542
142852
143117
143555
143868
144135
144548
144905
145121
145623
146073
146548
146668
146895
147386
147635
147880
148127
148376
149588
149838
150084
150326
150571
150812
168803
172957
173212
173465
176809
177080
177320
178910
179168
181259
181535
194631
194907
195150
195608
195949
196215
196691
197037
197540
197814
198107
198383
198626
198925
199175
199484
199955
200262
200710
201040
201299
201574
201847
202163
202423
202731
203280
203856
204299
204652
204940
205237
205509
205811
206086
206570
206908
207196
207486
207743
208041
208324
208604
208878
209124
209388
209681
209962
210235
210532
210793
211063
211373
211652
211909
212153
212446
212719
212972
213264
213515
213772
214041
214521
214899
215167
215449
215771
216044
216308
216587
216865
217353
217638
218116
218430
218680
219001
219501
219840
220086
220554
220921
221503
221749
221999
222469
222590
223055
223410
223665
224160
224665
225064
225327
225572
225855
226351
226601
226941
227188
227452
227723
228011
228227
228497
228799
229099
229366
229641
229912
230167
230486
230742
231015
231305
231581
231852
232140
232413
232655
232921
233225
233504
233766
234048
234352
234607
235139
235395
235692
235951
236248
236523
236797
237063
237385
263588
264179
264430
264716
265017
265279
266114
266420
266687
266962
268033
268334
269416
270737
271253
271534
271814
272080
272601
273128
273380
275211
275720
276282
276552
276804
277350
281048
281534
281847
282164
282427
282738
283033
283310
283595
283891
284414
284737
285037
285268
285623
285895
286155
286578
286718
287010
287279
287599
287881
288193
288501
288743
289075
289363
289661
289943
290438
290561
290837
291150
291460
292225
292520
293089
293367
293611
293921
294188
294704
294976
295096
295644
295956
296226
296519
297039
297396
297868
297996
298286
298562
298858
299136
299424
299944
300303
300660
300960
301260
301577
301769
302095
302381
302698
303265
303561
304004
304144
304388
304645
304955
305209
305773
305893
306168
306665
306787
307237
307526
307830
308090
308378
308632
308908
309193
309699
309954
310226
310562
310878
311015
311281
311596
311880
312158
312437
312707
313000
313274
313551
313828
314289
314595
314921
315221
315482
315789
316041
316326
316609
316892
317175
317473
317731
318025
318350
318597
318900
319172
319416
319710
320107
320392
320637
320761
321045
321310
321585
321899
322187
322437
322972
323098
323346
323623
323982
355898
367391
367981
368271
368555
369102
369441
369707
370010
370327
370602
370859
371134
371476
371765
372016
372317
372583
372887
373147
373609
373732
373991
374288
374590
374884
375182
375471
375718
376023
376296
376583
377139
377468
377720
378004
378506
378861
379241
379369
379636
379768
380018
380375
380671
380873
381232
381500
381815
382061
382600
382913
383224
383520
383823
384106
384391
384727
385265
385598
385930
386198
386497
386809
387112
387367
387637
388160
388571
388822
389129
389383
389705
390179
390443
390568
390827
391112
391387
391696
391944
392214
392509
393059
393381
393676
393960
394207
394621
394883
395201
395456
395807
396109
396361
396625
396943
397278
397561
397871
398159
398677
398996
399508
399809
400147
400405
400753
400997
401274
401533
401657
401914
402206
402542
402798
403044
403435
403920
404214
404555
404928
405420
405786
406288
406416
406827
406948
407198
407562
407807
408089
408443
408691
409067
409328
409703
409827
410206
453877
454211
454762
455131
455672
456052
456368
456945
457302
457640
458162
458776
459107
459391
459680
460016
460358
460614
460979
461271
461553
462140
462701
463085
463688
463942
464188
464579
464820
465107
465698
466012
466362
466580
466952
467198
467569
468005
468126
468402
468923
469277
469558
469916
470164
470523
470780
471097
471434
471996
472323
472574
472896
473190
473488
473766
474062
474367
474683
475036
475351
475629
475909
476211
476520
476904
477223
477471
478095
478410
478743
479041
479346
479675
480070
480275
480576
480825
481142
481442
481755
482018
482292
482806
483184
483451
483775
484057
484367
484680
485167
485290
485538
485831
486120
486480
486736
487072
487373
487633
487983
488236
488699
489320
489453
489780
490025
490364
490646
491012
491269
491820
492131
492554
492905
493214
493692
493814
494092
494333
494459
494737
495042
495342
495695
495999
496339
496613
540021
540264
540648
540986
541262
541535
541819
542203
542544
542797
543165
543416
543745
544034
544387
544681
544993
545341
545608
545932
546221
546501
546826
547173
547433
547729
548078
548344
548696
548942
549315
549557
549810
550301
550458
550761
551023
551291
551656
551967
552267
552547
552817
553116
553435
553793
554054
554366
554868
555188
555543
555812
556172
556444
556930
557308
557655
557896
558161
558281
558584
558834
559095
559466
559812
560056
560342
560697
560992
561479
561610
561866
562419
562787
563123
563368
563702
564075
564244
564424
564788
565080
565399
565650
566017
566257
566598
566931
567483
567859
568122
568419
568714
569247
569672
570020
570516
570883
571484
571830
572109
572403
572731
573046
573339
573700
574275
574651
574862
575251
575807
576182
576436
576786
577045
577331
577586
577746
578003
578574
578856
579564
580111
580449
580727
581051
581339
581633
581927
582211
582523
582770
583027
584211
584453
584748
586357
586611
586866
588137
588884
589615
589855
595939
602312
603048
603786
604041
604294
606324
606569
609602
611128
612340
613040
613284
614816
615530
616782
617029
617551
620835
621851
625059
625570
626094
626342
626596
626861
627107
627720
627995
628453
628749
629004
629248
630000
630258
630505
630964
631272
631732
632025
632520
632786
633277
633755
634064
634315
634564
635104
635353
635615
635865
636135
636623
636909
637166
637616
637750
638043
638313
638569
638982
639526
640072
640328
640802
641052
641543
641811
642065
642329
642587
643337
643591
643848
644111
644353
644606
645085
645388
645657
645912
646391
646685
646933
647205
647687
647929
648213
648459
648950
649117
649570
-----False Negatives Indices-----
68
64520
68923
93918
95150
103214
145002
146759
221883
228125
269262
269779
285154
301668
310750
366178
379138
380772
466472
564334
574746
588576
590575
621591
